1.69142e-08
-5.08937e-06
-8.39503e-06
-1.068e-05
-9.25203e-06
-4.38907e-06
1.56022e-06
4.95941e-06
4.90132e-06
3.57892e-06
4.70846e-06
9.37239e-06
1.45931e-05
1.53146e-05
8.95494e-06
-2.02727e-06
-1.17395e-05
-1.54968e-05
-1.33263e-05
-9.31946e-06
-7.68663e-06
-9.28636e-06
-1.14945e-05
-1.10194e-05
-6.68182e-06
2.82122e-07
7.94253e-06
1.51016e-05
2.1081e-05
2.48339e-05
2.51164e-05
2.195e-05
1.7548e-05
1.48345e-05
1.44785e-05
1.35611e-05
7.73524e-06
-4.50038e-06
-1.94791e-05
-3.07817e-05
-3.43241e-05
-3.13789e-05
-2.67432e-05
-2.38606e-05
-2.18984e-05
-1.77243e-05
-1.03755e-05
-2.85283e-06
1.00878e-06
1.34008e-06
3.03931e-06
1.06292e-05
2.19795e-05
2.79071e-05
1.96117e-05
-1.87702e-06
-2.35228e-05
-2.90163e-05
-1.19465e-05
1.76815e-05
3.98038e-05
3.91925e-05
1.68567e-05
-1.1324e-05
-2.71549e-05
-2.34137e-05
-7.38746e-06
7.2005e-06
1.20422e-05
1.00708e-05
1.12788e-05
2.2852e-05
4.22938e-05
5.86754e-05
6.0327e-05
4.30444e-05
1.30668e-05
-1.65709e-05
-3.34738e-05
-3.28995e-05
-2.03915e-05
-8.39896e-06
-8.74275e-06
-2.47782e-05
-4.822e-05
-6.40155e-05
-6.05153e-05
-3.79812e-05
-9.40935e-06
7.94024e-06
4.39575e-06
-1.61929e-05
-4.04362e-05
-5.5566e-05
-5.73159e-05
-4.92519e-05
-3.59227e-05
-1.76344e-05
7.87769e-06
3.83963e-05
6.32409e-05
6.91197e-05
5.21613e-05
2.57659e-05
1.48953e-05
3.77605e-05
8.91417e-05
0.00013992
0.000155929
0.000123692
6.2044e-05
8.94539e-06
-7.62129e-06
8.16257e-06
2.4117e-05
7.7265e-06
-4.48985e-05
-0.000103133
-0.000126517
-9.97648e-05
-4.79316e-05
-1.82932e-05
-4.17654e-05
-0.000106023
-0.000164157
-0.000171267
-0.000119661
-4.42325e-05
7.07785e-06
1.13899e-05
-1.37894e-05
-2.76923e-05
-1.11216e-06
6.0842e-05
0.000125188
0.000156517
0.000140929
9.23355e-05
3.9829e-05
9.86314e-06
1.46893e-05
4.90995e-05
9.33497e-05
0.000120835
0.00011037
5.93031e-05
-1.12316e-05
-6.67707e-05
-8.18499e-05
-5.73896e-05
-1.88827e-05
4.35748e-06
1.87789e-06
-1.46736e-05
-2.87655e-05
-3.7287e-05
-5.14477e-05
-7.85862e-05
-0.000105593
-0.000106132
-6.7792e-05
-1.26267e-05
1.35413e-05
-1.9789e-05
-9.43773e-05
-0.000149496
-0.00012742
-2.16479e-05
0.0001136
0.000201979
0.000199678
0.00012199
2.39201e-05
-4.37447e-05
-6.42087e-05
-5.12025e-05
-2.47527e-05
6.95017e-06
4.4019e-05
8.09497e-05
0.000102522
9.44396e-05
5.8335e-05
1.45561e-05
-1.15293e-05
-5.85555e-06
2.8076e-05
7.46196e-05
0.000115142
0.000132199
0.000111361
4.75812e-05
-4.55586e-05
-0.000134662
-0.000182831
-0.000176062
-0.00013712
-0.00011075
-0.000128056
-0.000179101
-0.000219412
-0.000206638
-0.000135145
-3.7082e-05
4.97603e-05
0.000114293
0.000172735
0.000237962
0.000290969
0.000289619
0.000211656
8.98965e-05
-6.47575e-08
1.30857e-06
7.99387e-05
0.000147266
0.000104525
-7.58823e-05
-0.000318336
-0.000490887
-0.000495729
-0.000334889
-0.000105284
6.93262e-05
0.000117863
5.86056e-05
-2.479e-05
-4.29294e-05
4.38275e-05
0.000204406
0.000360771
0.000437455
0.000405813
0.000298801
0.000183863
0.00011155
8.06249e-05
4.61788e-05
-3.45407e-05
-0.000155752
-0.000262411
-0.000299654
-0.000266152
-0.000221807
-0.000235594
-0.000314945
-0.000388829
-0.000365844
-0.000216466
-8.64346e-06
0.00014194
0.000166951
9.68008e-05
2.55502e-05
2.49584e-05
8.6686e-05
0.000146702
0.000162646
0.000161992
0.000212211
0.000342434
0.00049525
0.000562592
0.000477142
0.000272787
5.89567e-05
-6.67521e-05
-9.10686e-05
-8.11162e-05
-0.000116461
-0.000226067
-0.000381271
-0.000534154
-0.000650732
-0.00070691
-0.0006672
-0.000493597
-0.000195016
0.000134757
0.000347321
0.000338608
0.000145082
-5.91399e-05
-8.26751e-05
0.000134269
0.0004635
0.000682251
0.000646971
0.000402715
0.000140021
3.51755e-05
0.000106044
0.000204977
0.000151216
-0.000110131
-0.000455699
-0.000679412
-0.000653271
-0.000425148
-0.000177503
-8.39157e-05
-0.000182306
-0.000357683
-0.000437918
-0.000323172
-4.89859e-05
0.000255542
0.000469437
0.000557626
0.000570372
0.00057771
0.000601231
0.000600438
0.000520119
0.000353011
0.000159163
2.1155e-05
-2.72353e-05
-3.61124e-05
-0.000104545
-0.000297911
-0.000582109
-0.000833306
-0.000922274
-0.000808642
-0.000570498
-0.000344695
-0.000225436
-0.000203694
-0.000194788
-0.000125832
-1.89292e-06
0.000110602
0.000164392
0.000192391
0.000282616
0.000482048
0.000716582
0.000817924
0.000656323
0.000267674
-0.000139741
-0.000321409
-0.00017995
0.000156701
0.000428802
0.000435299
0.000171069
-0.000194695
-0.000464813
-0.000556747
-0.000530462
-0.000494297
-0.000491566
-0.000470238
-0.000350843
-0.000121118
0.000134835
0.000295603
0.000295324
0.000173063
3.9621e-05
-4.70002e-06
6.32107e-05
0.000179831
0.000243242
0.000183423
1.04989e-05
-0.000188009
-0.00030104
-0.00026879
-0.000130682
-6.37365e-06
-1.27943e-05
-0.000171882
-0.000384786
-0.000505052
-0.000456183
-0.000298013
-0.000180451
-0.000211938
-0.000356986
-0.000456734
-0.00035461
-2.12693e-05
0.00042739
0.000831991
0.00111218
0.00129575
0.00143878
0.00152864
0.00147627
0.0012124
0.000788282
0.000369957
0.000115835
4.3949e-05
1.92994e-05
-0.000120784
-0.000417531
-0.000752862
-0.000960548
-0.000979127
-0.000897763
-0.000858465
-0.000912358
-0.000973813
-0.000920952
-0.000736105
-0.000544056
-0.000506093
-0.000666449
-0.000903317
-0.0010346
-0.000978933
-0.000822937
-0.000735111
-0.000813904
-0.00101552
-0.00121637
-0.00132941
-0.00135342
-0.00131499
-0.00118394
-0.000875687
-0.000348924
0.00030557
0.00089524
0.00127575
0.00148564
0.00172455
0.00217743
0.00283679
0.00348594
0.0038661
0.00388647
0.00369076
0.00352619
0.00354122
0.00368295
0.00376897
0.003652
0.00331616
0.00283711
0.00227524
0.0016193
0.000836394
-3.80918e-05
-0.000886216
-0.00159987
-0.00219126
-0.00280305
-0.00358808
-0.00455474
-0.00552566
-0.00626573
-0.00667794
-0.00689893
-0.00720158
-0.00777301
-0.008546
-0.00922001
-0.00945669
-0.00909774
-0.00824471
-0.00715393
-0.00604129
-0.00494834
-0.00375197
-0.00228983
-0.000500248
0.00152479
0.00360123
0.00557846
0.00743886
0.00930209
0.0113256
0.0135492
0.015785
0.0176481
0.0187189
0.0187487
0.0177809
0.0160972
0.0140389
0.0118513
0.00966314
0.00759718
0.00588281
0.00482328
0.0046128
0.00514062
0.00594372
0.00636678
0.00581941
0.00393985
0.000583385
-0.00428338
-0.0106427
-0.0183631
-0.0270746
-0.03612
-0.0446483
-0.0517765
-0.0566975
-0.0586892
-0.0571146
-0.0515378
-0.0419737
-0.0291256
-0.014399
0.000401787
0.0135817
0.0240226
0.0313914
0.0360498
0.038783
0.0404992
0.0419953
0.0437979
0.0460564
0.0484968
0.0504733
0.0511389
0.0497036
0.0456923
0.0391178
0.0305161
0.0208162
0.0110812
0.00220689
-0.00531472
-0.0114687
-0.016597
-0.0211672
-0.0255566
-0.0299433
-0.0343201
-0.0385555
-0.0424199
-0.0455836
-0.0476263
-0.0481079
-0.0466905
-0.0432388
-0.0378566
-0.0308735
-0.022821
-0.0144155
-0.00650406
8.84789e-05
0.00480327
0.00757231
0.00886814
0.00951818
0.0103611
0.0119269
0.0143105
0.0172645
0.0204165
0.0234646
0.0262475
0.0286924
0.030715
0.0321565
0.0328096
0.0325209
0.0312965
0.0293294
0.026896
0.0241643
0.0210451
0.0172197
0.0123639
0.0064355
-0.000185708
-0.00682712
-0.0128373
-0.01785
-0.0218074
-0.0247603
-0.026655
-0.0273296
-0.0267288
-0.025124
-0.0231019
-0.0212859
-0.0200134
-0.0192411
-0.0187484
-0.0184265
-0.0183563
-0.0185992
-0.0189219
-0.0187601
-0.0175242
-0.0150077
-0.0115249
-0.00764388
-0.00373952
0.00024635
0.00464432
0.00967324
0.0151949
0.0208185
0.0262108
0.0312752
0.0360262
0.0402935
0.0435684
0.0451675
0.0445704
0.0416509
0.0366372
0.0299052
0.0218437
0.0128939
0.00366027
-0.00509888
-0.0126712
-0.0186242
-0.0228877
-0.0256639
-0.0272808
-0.0281232
-0.0286475
-0.0293394
-0.030533
-0.0322036
-0.033914
-0.0350035
-0.0349082
-0.0333637
-0.0303648
-0.0259827
-0.0202459
-0.0131995
-0.00506666
0.00367484
0.0123965
0.0205225
0.0276683
0.0336317
0.0382813
0.0414407
0.0428547
0.0422351
0.0393535
0.0341863
0.0270653
0.0187183
0.0101047
0.00207568
-0.00494613
-0.0110135
-0.0163466
-0.0209019
-0.0241886
-0.0254981
-0.0243652
-0.0208813
-0.0156099
-0.00922019
-0.00220767
0.00507049
0.0121474
0.0182908
0.0226497
0.0245703
0.0237672
0.0202312
0.0140293
0.00527636
-0.00561955
-0.0177056
-0.0295551
-0.0397055
-0.0471629
-0.0515703
-0.0529494
-0.0513275
-0.0466385
-0.0389815
-0.0289265
-0.0174899
-0.00571802
0.00579507
0.0170392
0.0282772
0.0395864
0.0506341
0.0608166
0.0695351
0.0763153
0.0807199
0.0822417
0.0803744
0.0748338
0.0656893
0.0532253
0.0376402
0.0188986
-0.00306172
-0.0278655
-0.0543288
-0.0804853
-0.103993
-0.122652
-0.134782
-0.13937
-0.136109
-0.125408
-0.108319
-0.086301
-0.0608484
-0.0332071
-0.00438369
0.0245761
0.0523398
0.0773689
0.0983194
0.114442
0.12562
0.131974
0.133395
0.129449
0.119741
0.10443
0.0844434
0.0611866
0.0360504
0.0101788
-0.0153264
-0.0390271
-0.0590749
-0.0736703
-0.0817797
-0.0835756
-0.080256
-0.0733823
-0.0642436
-0.0536676
-0.0423003
-0.0309948
-0.0209058
-0.0131966
-0.00860607
-0.00721305
-0.00855515
-0.0119587
-0.0168106
-0.0226165
-0.0288894
-0.0350304
-0.0403353
-0.044096
-0.045686
-0.0445745
-0.0403026
-0.0324948
-0.0209597
-0.0058244
0.0123989
0.0328463
0.0543988
0.075789
0.0956997
0.112899
0.126417
0.135686
0.140509
0.140873
0.136714
0.127878
0.114317
0.0963279
0.0745593
0.0497146
0.0221964
-0.00790283
-0.0403366
-0.0741192
-0.107382
-0.137906
-0.163965
-0.184769
-0.200126
-0.209632
-0.212201
-0.206441
-0.191606
-0.168299
-0.138256
-0.103425
-0.0651771
-0.0243551
0.0179669
0.0598222
0.098546
0.131719
0.158051
0.177465
0.190366
0.196839
0.196524
0.189207
0.175424
0.156435
0.133594
0.107701
0.0790299
0.0480035
0.0158539
-0.0153602
-0.0434408
-0.0668818
-0.0851763
-0.0984655
-0.106968
-0.110721
-0.10982
-0.104817
-0.0968259
-0.0871811
-0.0769395
-0.0666269
-0.0564188
-0.0465801
-0.0377449
-0.0307725
-0.0262652
-0.0240771
-0.0231758
-0.0220057
-0.0191495
-0.0138892
-0.00635664
0.00278109
0.0128477
0.023491
0.0346021
0.0459483
0.0568626
0.0662984
0.0732483
0.0771901
0.0781897
0.0765883
0.072558
0.0659467
0.0565804
0.0447725
0.0315904
0.018597
0.00719623
-0.00193705
-0.00893806
-0.0143401
-0.0185069
-0.0213519
-0.0225451
-0.0219989
-0.0202257
-0.0182877
-0.0173789
-0.0183282
-0.0213478
-0.0261356
-0.0321552
-0.0388541
-0.045694
-0.0520592
-0.0572572
-0.0606886
-0.062038
-0.0613059
-0.0586119
-0.0539482
-0.0471744
-0.0383043
-0.0278151
-0.0166266
-0.00565878
0.0047074
0.0147661
0.0250492
0.0356992
0.0462554
0.0561043
0.0651798
0.0741749
0.0839282
0.0944144
0.104215
0.111009
0.112768
0.10872
0.0993401
0.0855385
0.0678443
0.0463121
0.0211786
-0.00640901
-0.03433
-0.0601554
-0.0820117
-0.0990155
-0.111077
-0.118412
-0.121218
-0.119668
-0.114076
-0.104967
-0.0930282
-0.0789986
-0.0635767
-0.047361
-0.0308117
-0.0142743
0.00185571
0.0169253
0.0300207
0.0403292
0.0476648
0.0526667
0.0563854
0.059464
0.061569
0.0616517
0.0588842
0.053483
0.0467271
0.0401168
0.0344057
0.0293596
0.0243584
0.0192387
0.0145705
0.0111199
0.00911547
0.00803211
0.00707735
0.00593824
0.00501496
0.00488909
0.0055628
0.00615577
0.00533512
0.00214777
-0.00343874
-0.0106887
-0.0187044
-0.0269422
-0.0352522
-0.0434854
-0.0510991
-0.0571175
-0.060464
-0.0604236
-0.056904
-0.0503621
-0.0415588
-0.0313404
-0.0205429
-0.0100059
-0.000547539
0.00721016
0.0130566
0.0172373
0.0202462
0.0224596
0.0238676
0.0241767
0.0232384
0.0214271
0.0195916
0.018545
0.0184909
0.0189291
0.0192125
0.0193108
0.0200626
0.0225946
0.0273097
0.0333023
0.03877
0.0420977
0.0426871
0.0408595
0.0370084
0.0309132
0.0219742
0.0101676
-0.0032496
-0.0161208
-0.0267003
-0.0347632
-0.0414823
-0.0481043
-0.0545501
-0.0592242
-0.0602344
-0.056949
-0.0505596
-0.0431825
-0.0363212
-0.030055
-0.0235546
-0.0162969
-0.00880147
-0.00221549
0.00276531
0.00651282
0.0100215
0.0138492
0.0174834
0.0198093
0.0202834
0.0196931
0.0197488
0.0217959
0.0257364
0.0301159
0.0332805
0.0346003
0.0347382
0.0347805
0.0350464
0.0346324
0.0320607
0.0264471
0.0181993
0.00871572
-0.000569376
-0.00896479
-0.0165572
-0.0236116
-0.0299715
-0.0349977
-0.0380048
-0.0387707
-0.0376688
-0.0353537
-0.03235
-0.0288545
-0.0248398
-0.0202837
-0.015243
-0.009769
-0.00381806
0.00271189
0.00977037
0.01692
0.0232962
0.027846
0.0297507
0.0288405
0.0257392
0.0215697
0.0173824
0.0136504
0.0101506
0.00634814
0.00199453
-0.00255408
-0.00657818
-0.00959426
-0.0117682
-0.0137394
-0.0159712
-0.0182056
-0.0195375
-0.0190648
-0.0165661
-0.0126275
-0.00813725
-0.00365906
0.000725101
0.00503006
0.00890587
0.0116208
0.0125776
0.0118908
0.0104301
0.00925293
0.00892433
0.00930009
0.00991637
0.010575
0.0115359
0.0131668
0.0154409
0.0177591
0.0192557
0.0192744
0.0175494
0.0140477
0.00878484
0.00189347
-0.00609538
-0.014205
-0.0214876
-0.0276987
-0.0335489
-0.0401141
-0.0477237
-0.0552706
-0.0605826
-0.0616731
-0.057934
-0.0502887
-0.0402767
-0.0289281
-0.0163168
-0.00206733
0.013776
0.0303798
0.0464646
0.0609003
0.0729813
0.0821872
0.0878666
0.0893307
0.0862852
0.0791657
0.0689752
0.0567163
0.0429832
0.0280617
0.0123542
-0.00336162
-0.0181646
-0.031437
-0.0429963
-0.0527487
-0.0602433
-0.0647092
-0.0656803
-0.0636298
-0.0599277
-0.0559761
-0.0521947
-0.0478184
-0.0417338
-0.0336726
-0.0247527
-0.0168314
-0.0112122
-0.00778428
-0.00526155
-0.00229045
0.00151785
0.00542839
0.0083533
0.00990791
0.0108803
0.0127782
0.01681
0.0229616
0.0297974
0.0351709
0.037427
0.0363779
0.0334413
0.0308256
0.0302293
0.0319062
0.034744
0.0371942
0.0383392
0.0383322
0.0378957
0.0374243
0.0365014
0.0341425
0.0295221
0.0225534
0.0138383
0.00419487
-0.0057667
-0.0157943
-0.0258706
-0.0360283
-0.0462662
-0.0564351
-0.0660637
-0.074319
-0.0802787
-0.0834577
-0.0841056
-0.0828504
-0.0798892
-0.0744166
-0.0650005
-0.0508237
-0.0327736
-0.0133597
0.00466366
0.0199243
0.0329381
0.0451014
0.0570755
0.0679551
0.075899
0.0795638
0.0790169
0.0754093
0.0698979
0.0629421
0.054577
0.0452125
0.0359626
0.0280279
0.0217114
0.0160824
0.00972669
0.00200268
-0.00633732
-0.0137215
-0.0189648
-0.0220651
-0.0239665
-0.025609
-0.02725
-0.0286272
-0.0295945
-0.0304572
-0.031589
-0.0327341
-0.032877
-0.0310162
-0.0272189
-0.0229593
-0.0202576
-0.0201853
-0.0219586
-0.0234078
-0.0224751
-0.0185819
-0.0128773
-0.0072804
-0.00314522
-0.000562199
0.00138057
0.00377624
0.00717656
0.0114272
0.0160087
0.0204888
0.0247698
0.029027
0.0334044
0.0376969
0.0412238
0.042998
0.0421815
0.038544
0.0326151
0.025477
0.0183112
0.0119852
0.00692751
0.00320457
0.00060509
-0.00131401
-0.0031468
-0.00541913
-0.00832386
-0.0116381
-0.014937
-0.0179831
-0.0209132
-0.0240673
-0.0276986
-0.0318113
-0.0362774
-0.0410206
-0.0458727
-0.050209
-0.0527985
-0.0521922
-0.0475524
-0.0392469
-0.0286313
-0.0171766
-0.00567137
0.00584227
0.0174681
0.0288899
0.0393962
0.048383
0.055681
0.0612681
0.0647504
0.0653609
0.0626611
0.0573085
0.0509332
0.0449097
0.0390942
0.0318224
0.0213743
0.00777475
-0.006756
-0.0192272
-0.0279274
-0.0333248
-0.0370855
-0.0402474
-0.0423633
-0.0423508
-0.0400753
-0.0369556
-0.0348698
-0.0344059
-0.0341695
-0.0318947
-0.0264262
-0.0187526
-0.0112044
-0.00564551
-0.00222879
0.000301476
0.00321696
0.00670743
0.00991087
0.0117933
0.0119996
0.0109809
0.00950048
0.00815102
0.00725146
0.00700577
0.00763981
0.00938672
0.0123964
0.0166766
0.0220253
0.0278568
0.0330907
0.0364023
0.0368509
0.0344993
0.0304151
0.0258573
0.0212786
0.016013
0.00898753
-8.49465e-05
-0.0101321
-0.0193696
-0.026611
-0.0320366
-0.0366945
-0.0411929
-0.0448245
-0.0459995
-0.0436622
-0.0383685
-0.0320086
-0.0264044
-0.0219831
-0.017685
-0.0121335
-0.00495612
0.00285652
0.00973766
0.0146743
0.0176927
0.0194846
0.0207554
0.0219254
0.0232428
0.0249039
0.026882
0.0286814
0.0295356
0.0290832
0.0279031
0.0272332
0.0278583
0.029118
0.0290794
0.0259018
0.0193342
0.0109719
0.0029367
-0.00387574
-0.0104123
-0.0183718
-0.0284161
-0.0392821
-0.0485786
-0.0545541
-0.0571604
-0.057537
-0.0565821
-0.0540031
-0.0487888
-0.0405649
-0.0303861
-0.0201551
-0.0111453
-0.00304455
0.00549303
0.0153179
0.0256827
0.0345942
0.0403398
0.0428078
0.0434584
0.044031
0.0451853
0.0462489
0.046107
0.0442498
0.0410226
0.0369775
0.0321068
0.0258813
0.018088
0.00952558
0.00181288
-0.00368531
-0.00696646
-0.00941625
-0.0127036
-0.0174982
-0.0229659
-0.0274434
-0.0296934
-0.0296626
-0.0282831
-0.0266844
-0.0255677
-0.0251602
-0.0254888
-0.0264896
-0.0277983
-0.0285636
-0.0277599
-0.0249535
-0.0208889
-0.0172367
-0.0154371
-0.015485
-0.0157291
-0.0139301
-0.0088658
-0.00123558
0.00692629
0.0137986
0.0189977
0.0235323
0.0285536
0.0340435
0.0386316
0.0406587
0.0395565
0.0363519
0.032843
0.0301825
0.0281043
0.0253987
0.0211532
0.0156385
0.0100873
0.00566536
0.00258161
0.00011225
-0.00254216
-0.00545258
-0.00792665
-0.00919599
-0.00916722
-0.00851562
-0.00809573
-0.00830761
-0.0089845
-0.00980499
-0.0107282
-0.0119818
-0.0136713
-0.0155476
-0.0172662
-0.0188318
-0.0206644
-0.0230414
-0.0253912
-0.0263413
-0.0247561
-0.0209266
-0.0167263
-0.014282
-0.0141259
-0.0145275
-0.0128406
-0.00790253
-0.00134877
0.00352811
0.00458963
0.00294748
0.00234013
0.00611663
0.0143533
0.0236098
0.0296346
0.0307715
0.0291247
0.0284877
0.0309273
0.0350275
0.037271
0.035281
0.0299733
0.0246862
0.0221527
0.0220398
0.0212175
0.0165242
0.00754514
-0.00302372
-0.0116113
-0.0165589
-0.0190767
-0.021717
-0.0259232
-0.0309097
-0.0346743
-0.0359628
-0.0353133
-0.0342797
-0.0338069
-0.0334664
-0.0321739
-0.0295162
-0.0262133
-0.0232155
-0.0204909
-0.0169015
-0.011417
-0.00440173
0.00252003
0.00808091
0.0128392
0.0187591
0.0270246
0.0361588
0.0425281
0.0432159
0.0388032
0.0332822
0.0308634
0.0323852
0.0345578
0.0328853
0.0256976
0.0155723
0.00693881
0.00216635
-0.000257484
-0.00376008
-0.00994572
-0.016826
-0.0206724
-0.0197128
-0.0161109
-0.014215
-0.0167124
-0.0222643
-0.0267479
-0.0269005
-0.0230154
-0.0184088
-0.0163258
-0.0171934
-0.0186018
-0.0176609
-0.0135111
-0.00790183
-0.0035564
-0.00202778
-0.00275232
-0.00370222
-0.00289403
0.000405301
0.00543301
0.0105155
0.0139788
0.0150302
0.0142146
0.013039
0.0129669
0.0144042
0.0164034
0.0175017
0.017021
0.0156232
0.0146353
0.0147424
0.0152516
0.0147647
0.0126681
0.00989455
0.00817199
0.00836552
0.00940357
0.00898287
0.0055295
-0.000376668
-0.00633511
-0.00998315
-0.0108234
-0.0103881
-0.0107337
-0.0127385
-0.0156136
-0.017882
-0.018789
-0.0187939
-0.0188494
-0.0194125
-0.0201428
-0.0204437
-0.020224
-0.0199524
-0.0199629
-0.0198969
-0.0188137
-0.0158857
-0.0110845
-0.00513024
0.00113822
0.00724102
0.0130434
0.0183939
0.022919
0.0262895
0.0285892
0.0302951
0.0318234
0.0330424
0.0333054
0.0320053
0.0290583
0.024869
0.0198592
0.0141459
0.00781627
0.0014344
-0.0039154
-0.00730876
-0.00889869
-0.0100747
-0.0124617
-0.0165167
-0.0209688
-0.0237313
-0.0236045
-0.0212765
-0.0187176
-0.0175255
-0.0176895
-0.017801
-0.016443
-0.0134108
-0.00967362
-0.00633215
-0.00372269
-0.0015147
0.000432871
0.00153778
0.00103564
-0.000898157
-0.00272967
-0.00251499
0.000434522
0.00468895
0.00770161
0.00794887
0.00635491
0.00575264
0.00859423
0.0147501
0.0213848
0.0249763
0.0238788
0.0194911
0.0150393
0.0130627
0.0136803
0.0147826
0.0138255
0.00970084
0.00321271
-0.00394738
-0.0106066
-0.0165826
-0.0219588
-0.0260999
-0.0275449
-0.0251833
-0.0197528
-0.0140584
-0.0113732
-0.0129435
-0.0165463
-0.0177134
-0.0129752
-0.00270722
0.00860628
0.0152436
0.0142954
0.00772963
0.000963498
-0.000905133
0.00359514
0.011861
0.0195992
0.0238444
0.0243244
0.0225128
0.0197049
0.0160246
0.010978
0.00468615
-0.00154973
-0.00597578
-0.00764606
-0.00702774
-0.00555835
-0.00465392
-0.00501607
-0.00663053
-0.00912714
-0.0120267
-0.0147289
-0.0165193
-0.0168713
-0.0158014
-0.0138751
-0.0117884
-0.0098349
-0.0077941
-0.00534719
-0.00252589
0.000235101
0.00244753
0.00389421
0.00456264
0.0044146
0.00342496
0.0019869
0.00117157
0.00220001
0.00539526
0.00960557
0.0128823
0.014109
0.014
0.0143074
0.0158466
0.0172276
0.0159503
0.0111377
0.00515272
0.0022551
0.00495266
0.0111817
0.0153391
0.0125476
0.00261042
-0.00967112
-0.0182577
-0.0203702
-0.017868
-0.0148135
-0.0137561
-0.0141117
-0.0137407
-0.0115972
-0.00871231
-0.0068843
-0.00672601
-0.00718287
-0.00680846
-0.00516321
-0.00296025
-0.00110857
3.65104e-05
0.000377879
-0.000457166
-0.00276865
-0.00568303
-0.0067904
-0.00380688
0.00286255
0.00939929
0.011081
0.00643291
-0.000775529
-0.0041664
-0.000128449
0.00887229
0.0162192
0.0168053
0.0113972
0.00570373
0.00505292
0.00962842
0.0146203
0.0149158
0.00968577
0.00273196
-0.00137413
-0.00149384
-0.000435348
-0.00164237
-0.00559759
-0.00940166
-0.00974562
-0.00616869
-0.00148127
0.000829154
-0.000355298
-0.00309191
-0.00440874
-0.00298448
-0.000166425
0.0013379
-0.00028896
-0.00463743
-0.00937759
-0.0117943
-0.0104952
-0.00631395
-0.00197825
-0.000560166
-0.00338896
-0.00880563
-0.0129376
-0.0123582
-0.00681286
0.000332075
0.00464676
0.00429561
0.00164542
0.00121115
0.00553334
0.0126246
0.017451
0.0163093
0.0102104
0.00418272
0.00299327
0.00699844
0.0118721
0.0124558
0.00725089
-0.000370949
-0.00527019
-0.00509241
-0.00209008
-0.000710561
-0.00327627
-0.00771346
-0.00946584
-0.00584319
0.00126636
0.00686779
0.00717865
0.00290724
-0.00145534
-0.00177415
0.0019366
0.00556395
0.00465184
-0.00153402
-0.00929177
-0.0137988
-0.0133474
-0.0106055
-0.00987172
-0.0129628
-0.0175678
-0.0195331
-0.0167846
-0.0111311
-0.00632836
-0.00439108
-0.00380232
-0.00131962
0.00448368
0.011483
0.0158852
0.015917
0.0136886
0.01339
0.0174458
0.0242296
0.0294521
0.0298317
0.0257008
0.0203034
0.0166654
0.0151186
0.0135247
0.00952513
0.00261864
-0.00563985
-0.0130308
-0.0179358
-0.0196428
-0.0182557
-0.0148373
-0.0116615
-0.0115761
-0.0159736
-0.0229335
-0.0277964
-0.0265058
-0.0192868
-0.0111232
-0.00791999
-0.0113428
-0.0170251
-0.0182294
-0.0120062
-0.00215745
0.00402619
0.00248982
-0.00354772
-0.00615107
0.00021423
0.0134954
0.02561
0.0292899
0.0240855
0.0162114
0.0126388
0.015197
0.0199732
0.0218771
0.0195422
0.0159465
0.0145347
0.0152015
0.0144993
0.0095943
0.00167394
-0.00471535
-0.00596974
-0.00308474
-0.000800121
-0.00311031
-0.00954632
-0.0156363
-0.01706
-0.0134722
-0.00842151
-0.00594786
-0.00726525
-0.0103806
-0.0125855
-0.0128668
-0.0120318
-0.0111814
-0.0104515
-0.00935794
-0.0079824
-0.00710728
-0.00708221
-0.00696051
-0.00522378
-0.00167848
0.00162673
0.00197137
-0.00115869
-0.00479551
-0.00458897
0.00125362
0.00983234
0.0154477
0.0141862
0.00722295
-0.00013238
-0.00273999
0.000468452
0.00627494
0.0105481
0.0118375
0.012047
0.0140461
0.0186928
0.0240256
0.0271087
0.0264096
0.0224625
0.0166646
0.00984274
0.00214603
-0.00582833
-0.0123401
-0.015485
-0.0150252
-0.0131082
-0.0128528
-0.0157958
-0.0205495
-0.0240315
-0.0241232
-0.0213189
-0.0179342
-0.0157821
-0.0146502
-0.0129916
-0.00994436
-0.00645895
-0.00434285
-0.00422907
-0.00459015
-0.00297323
0.00165027
0.00772854
0.0122609
0.0131946
0.0109625
0.0078835
0.006236
0.00685842
0.00923899
0.0125334
0.016209
0.0197023
0.0219021
0.021512
0.0181413
0.0129814
0.00807446
0.00454633
0.00154917
-0.0027878
-0.0090749
-0.0152509
-0.0176751
-0.014094
-0.00604325
0.00167733
0.00440212
0.00114191
-0.004639
-0.00774457
-0.00533075
0.000910162
0.00610258
0.00598064
0.000110243
-0.00793198
-0.0133867
-0.0138911
-0.0110539
-0.00887741
-0.0103346
-0.014778
-0.0182319
-0.0164253
-0.00826902
0.00298017
0.0119062
0.0148195
0.0122611
0.00818148
0.00655012
0.00825584
0.0109296
0.0115943
0.0095173
0.00662568
0.00515798
0.00513387
0.00437646
0.00105498
-0.00375655
-0.00639424
-0.00403488
0.00209885
0.00709724
0.00628352
-0.00051629
-0.008404
-0.0114579
-0.00771426
-0.000624964
0.00414508
0.00364609
-0.00017278
-0.00283591
-0.0017063
0.00189533
0.00446947
0.00388545
0.00116235
-0.00109223
-0.00165833
-0.00186513
-0.00384063
-0.00787432
-0.0117493
-0.0127709
-0.0104825
-0.00718783
-0.00562933
-0.00617253
-0.00623753
-0.00268392
0.00496692
0.0136031
0.018736
0.0179477
0.012745
0.00727642
0.00517503
0.00717982
0.0110774
0.0136052
0.0126238
0.00811116
0.00180968
-0.00386396
-0.00696534
-0.00688856
-0.00477024
-0.0030029
-0.00373791
-0.0071933
-0.0111501
-0.0124679
-0.0097557
-0.00490665
-0.0018382
-0.00322921
-0.00799596
-0.0119314
-0.0113157
-0.00631795
-0.00097529
0.000329684
-0.00314772
-0.00771862
-0.00850338
-0.00379201
0.00340578
0.00802911
0.00728968
0.0027323
-0.0014453
-0.00207952
0.000710143
0.00455853
0.0074608
0.00924057
0.0107967
0.012279
0.012588
0.0107713
0.00752197
0.00499519
0.00483847
0.00648138
0.00765161
0.0066256
0.00397279
0.00190995
0.00187452
0.002951
0.00283241
0.000383192
-0.00291157
-0.00429801
-0.0026002
0.000364873
0.00136874
-0.00114392
-0.00566007
-0.00936197
-0.0111229
-0.0124891
-0.0154777
-0.0194741
-0.0208647
-0.0163874
-0.00714192
0.00100684
0.00188852
-0.00529663
-0.0144753
-0.0172708
-0.0100686
0.00269128
0.0121937
0.0127803
0.00674432
0.00212642
0.00537066
0.0154251
0.0245225
0.0247997
0.0149881
0.00143048
-0.00729272
-0.00715296
-0.00121045
0.00377421
0.00335841
-0.00133693
-0.00547171
-0.00506879
-0.000182785
0.0058021
0.00945357
0.00980768
0.00816446
0.00591834
0.00302571
-0.00127774
-0.00664599
-0.0108306
-0.0110312
-0.00639425
0.00081456
0.00663954
0.00829368
0.00608923
0.00283996
0.00133743
0.00220826
0.00387193
0.00426419
0.00266611
6.72703e-05
-0.00211516
-0.00344968
-0.00464878
-0.00653939
-0.00894273
-0.0106942
-0.0108334
-0.0096889
-0.00877807
-0.00947365
-0.0115356
-0.0129761
-0.0115585
-0.00676546
-0.000628096
0.00340891
0.00286618
-0.00192224
-0.00787173
-0.0110782
-0.00928122
-0.00317924
0.00428723
0.0100452
0.0127658
0.0132674
0.0133228
0.0139319
0.0146203
0.0142459
0.012409
0.0101902
0.00932185
0.0103848
0.0119311
0.0115561
0.00817371
0.00356435
0.00137841
0.00398814
0.00989795
0.0142163
0.012313
0.00388781
-0.00622455
-0.0115665
-0.0092545
-0.00253882
0.00173841
-0.00121905
-0.0101546
-0.0187821
-0.0211003
-0.0163786
-0.00956802
-0.00694844
-0.0108058
-0.0178826
-0.0226998
-0.0224104
-0.018951
-0.0166395
-0.0175847
-0.0194844
-0.0177953
-0.0101722
0.000905989
0.00988166
0.0127178
0.0102954
0.00764204
0.00959113
0.0166408
0.0244083
0.0269952
0.0215689
0.0105592
7.15059e-05
-0.00406518
6.56496e-05
0.00950845
0.0184944
0.0219301
0.0183595
0.0107558
0.00452616
0.00384207
0.00865282
0.0145574
0.0159122
0.0101675
0.000118972
-0.00806084
-0.00966428
-0.0052082
-2.21595e-05
0.000168664
-0.00599334
-0.0146811
-0.0204835
-0.0209746
-0.0182956
-0.0163202
-0.0163495
-0.0158121
-0.0110703
-0.00165871
0.00812463
0.0122257
0.00784642
-0.00200071
-0.0104822
-0.011813
-0.00505072
0.00591714
0.0154744
0.0196623
0.0175857
0.0107335
0.00166219
-0.00689398
-0.0125271
-0.0138486
-0.0113786
-0.0076565
-0.00586297
-0.00763604
-0.0117894
-0.0151528
-0.0149662
-0.0109283
-0.00528076
-0.000948647
0.000626533
0.00028337
0.000165638
0.00194398
0.0057603
0.0105045
0.0147419
0.0174392
0.0181893
0.0171528
0.0150672
0.0132726
0.0132864
0.0157763
0.0196821
0.0224078
0.0213075
0.0157015
0.00771786
0.000953716
-0.00208682
-0.00192172
-0.0017655
-0.00488033
-0.0117537
-0.0194385
-0.0235877
-0.0217464
-0.0153286
-0.00856227
-0.00532203
-0.00647262
-0.00970362
-0.0118752
-0.0117674
-0.0107682
-0.0110571
-0.0130566
-0.0145298
-0.012265
-0.00495949
0.00522273
0.0137818
0.0167754
0.0132683
0.00552749
-0.00280616
-0.0087368
-0.0108815
-0.00929944
-0.00494641
0.000475554
0.00473781
0.00613658
0.00493892
0.00374596
0.00567025
0.0112902
0.0171107
0.0176273
0.0101267
-0.00183539
-0.0100398
-0.00780849
0.00400147
0.0167389
0.020474
0.0122023
-0.00134819
-0.00917959
-0.00530674
0.00617583
0.0147698
0.0128795
0.00234175
-0.00766152
-0.00922069
-0.0029081
0.00316034
0.001419
-0.0076983
-0.0159299
-0.0149089
-0.00421098
0.00799658
0.0121844
0.00579723
-0.00477176
-0.010274
-0.0068297
0.00136118
0.00661966
0.00489795
-0.00134296
-0.00673499
-0.00868441
-0.00936599
-0.0124321
-0.0181675
-0.0224692
-0.0207576
-0.0127475
-0.00332769
0.00152673
-3.16315e-05
-0.00444664
-0.00630709
-0.0031058
0.00308092
0.00824667
0.0104713
0.0113145
0.0136368
0.0183842
0.0235098
0.0258031
0.0236523
0.0181382
0.0118046
0.00673651
0.00368213
0.00246587
0.00262623
0.00334893
0.00313206
0.000325726
-0.00530362
-0.0114163
-0.014011
-0.0103154
-0.00144875
0.00760792
0.0111572
0.00680915
-0.00293043
-0.0128319
-0.0188533
-0.0205087
-0.0199421
-0.0189686
-0.0173155
-0.013738
-0.00850744
-0.00437681
-0.00440697
-0.00838624
-0.0118099
-0.00921961
0.000659078
0.0126354
0.0185152
0.0141334
0.00361911
-0.00343583
5.16112e-06
0.0118994
0.0223053
0.0218715
0.0102662
-0.00312638
-0.00721926
0.000958167
0.0134877
0.0186569
0.0116076
-0.00129266
-0.00836392
-0.00350234
0.00802371
0.0145481
0.00911866
-0.00373191
-0.0119302
-0.00712549
0.00711249
0.0180207
0.0149741
-0.000884806
-0.0174498
-0.022143
-0.0126987
0.00126608
0.00693754
-0.000810008
-0.0156463
-0.0257351
-0.0236355
-0.0115242
0.0017946
0.00834159
0.0063727
6.78814e-05
-0.00497551
-0.00582778
-0.00308718
0.000631171
0.00278843
0.00227842
-0.000340613
-0.00310487
-0.00360051
-0.000800192
0.00366139
0.00630625
0.00473576
0.000414803
-0.00185923
0.00174915
0.00976313
0.0154871
0.0123409
0.000221924
-0.0131899
-0.018197
-0.0112485
0.00180516
0.010579
0.00895943
3.75673e-05
-0.00714789
-0.00584825
0.00283547
0.0116862
0.0142316
0.0101416
0.00438046
0.00182244
0.00305606
0.00507105
0.00527506
0.00425707
0.00455846
0.00711509
0.00968968
0.00913211
0.0047833
-0.000633367
-0.00375547
-0.00420774
-0.00495266
-0.00886294
-0.0151391
-0.0193234
-0.0173354
-0.00978615
-0.00204274
0.000296292
-0.0036444
-0.00918137
-0.0102821
-0.00506898
0.00244816
0.00597933
0.00265139
-0.00429985
-0.00818361
-0.00449665
0.00520138
0.0143193
0.0161747
0.00877888
-0.00408304
-0.0158068
-0.0212486
-0.0191934
-0.0118918
-0.00284607
0.00510878
0.010389
0.0124442
0.011596
0.00908303
0.00685222
0.00659584
0.00847671
0.0108568
0.0115004
0.00937413
0.00565429
0.00283833
0.0026032
0.00442612
0.00607912
0.00565287
0.00341723
0.0016486
0.00259404
0.0062513
0.00974605
0.00911911
0.00214499
-0.00984238
-0.0221921
-0.029368
-0.0280764
-0.0192014
-0.00759654
0.000531525
0.00127708
-0.00455905
-0.0118745
-0.0147682
-0.0109231
-0.00346811
0.00135459
-0.000552398
-0.00714898
-0.0112737
-0.00629226
0.00786784
0.0235474
0.0307271
0.0248724
0.0108558
-0.00054444
-0.00109314
0.00843483
0.0191613
0.0215266
0.0130995
0.000268376
-0.00749899
-0.00563629
0.00204641
0.00713198
0.00414654
-0.00483713
-0.0123351
-0.0123006
-0.00556876
0.000956342
0.000345199
-0.00832203
-0.0190642
-0.0241039
-0.0202407
-0.0111475
-0.00404147
-0.00358009
-0.00832823
-0.0124578
-0.0106197
-0.00200725
0.009503
0.0186375
0.0221039
0.0199032
0.01444
0.00871191
0.00517015
0.00510657
0.00794518
0.0110999
0.0111613
0.00634314
-0.00142653
-0.00733943
-0.0075078
-0.00259863
0.00205436
0.000957782
-0.00600753
-0.0127698
-0.0120541
-0.00208771
0.0108305
0.0171398
0.012055
-0.000667021
-0.0121939
-0.0161999
-0.0136283
-0.0101054
-0.00940227
-0.00990508
-0.00725195
-0.00029011
0.00629799
0.00612715
-0.00220836
-0.0127693
-0.0167985
-0.0101143
0.00372433
0.0173636
0.0261542
0.0304575
0.032069
0.0294582
0.0182475
-0.00251923
-0.025351
-0.0370416
-0.0285755
-0.00407884
0.0205807
0.0295071
0.0187456
-0.00152007
-0.0161939
-0.0175851
-0.0097167
-0.0018884
0.00060486
-0.000501031
-0.0014115
-0.00281536
-0.00961822
-0.0237279
-0.0386065
-0.0428292
-0.0306256
-0.00919623
0.00581485
0.00413726
-0.00875405
-0.0156261
-0.00324444
0.0244697
0.0489103
0.0534809
0.0389973
0.0231707
0.023758
0.0406489
0.0549064
0.0468366
0.0164853
-0.0131157
-0.0148468
0.0171013
0.0580412
0.0699334
0.0323817
-0.0397586
-0.107602
-0.139543
-0.140203
-0.152505
-0.230571
-0.408442
-0.621008
0
0
0
0
0
0
0
0
0
0
0
0
0
0
0
0
0
0
0
0
0
0
0
0
0
0
0
0
0
0
0
0
0
0
0
0
0
0
0
0
0
0
0
0
0
0
0
0
0
0
0
0
0
0
0
0
0
0
0
0
0
0
0
0
0
0
0
0
0
0
0
0
0
0
0
0
0
0
0
0
0
0
0
0
0
0
0
0
0
0
0
0
0
0
0
0
0
0
0
0
0
0
0
0
0
0
0
0
0
0
0
0
0
0
0
0
0
0
0
0
0
0
0
0
0
0
0
0
0
